1 1487 6 10,513,167,068,062,055,384,794,380,017,420,686,701,453,417,703,198,865,632,407,550,792,078,881,056,984 2888 13294 40 16 00001011000101111101011110010000011111011101001001101110000011010100011110110010001100110010011000100110000110001010100000000001101000100110010011000010101110000011011101001101100001001011101100011001011001111000110100010110100111101100110010101021100000010101111100111100100010011010101101010101010100111111111001000010110002110100010010001011110111011011011000001111110010011111010101110110101001200111100010101101111010101101011000010001001010010011002011011111000001000101001000101000100100100000010001111211110120111101110111101101011001100110111111001100110011101010001010011000001001111111100001011111010001011101100100001010010011000110011010011110


1 1487 6 10

,513,167,068,062,055,384,794,380,017,420,686,701,453,417,703,198,865,632,407,550,792,078,881,056,984

2888 13294 40 16

0000101100010111110101111001000001111101110100100110111000001101010001111011001000110011001001100010011000011000101010000000000110100010011001001100001010111000001101110100110110000100101110110001100101100111100011010001011010011110110011001010102
1100000010101111100111100100010011010101101010101010100111111111001000010110002
1101000100100010111101110110110110000011111100100111110101011101101010012
00111100010101101111010101101011000010001001010010011002
0110111110000010001010010001010001001001000000100011112
1111012
0111101110111101101011001100110111111001100110011101010001010011000001001111111100001011111010001011101100100001010010011000110011010011110




tux:
1 1351 4 1,107,600,892,396,397,481,613,612,728,377,094,718,344,473,289,948,068,817,554,872,572,012,115 1678 9846 40 16 10111001012000011000101101111100210010101101100111111110111001011010111010111101010000011110001111111000001011100010001011010011100111010100000011010000010111100110201111101000111111011000110000110010111110000101010100111001110100100011110100111001100000011101000110000110001001010011111110010110110011001000111011001010101011100111000001111011121111001101000010000101100011110010000110001000101011000010121010021101000111010110100110111101101011100000000011101000001011010001110100001010111110110001101011101110001100000010001101100111011000111000001001111010101210001001100011110120000201110101100201000000110111111011101011010100100011100001210011110100
